330,3
78,4
279,20
279,10
279,4
234,1080
234,542
234,1075
234,1229
234,539
234,1226
234,1222
234,531
234,522
234,520
234,1043
234,516
234,1040
234,513
234,1037
234,511
234,1035
234,1032
234,502
234,1009
234,499
234,497
234,494
234,1000
234,490
234,995
234,997
234,483
234,479
234,476
234,474
234,990
234,980
234,1143
234,457
234,969
234,455
234,965
234,955
234,959
234,431
234,429
234,952
234,1254
234,425
234,946
234,421
234,943
234,415
234,936
234,932
234,1235
234,1231
234,928
234,921
234,678
234,676
234,199
234,139
234,71
234,55
435,11
435,8
435,6
421,3
325,4
8,3
289,4
11,4
348,3
183,4
287,89
287,86
287,84
287,81
287,78
287,76
287,73
287,70
287,68
287,65
287,59
287,50
287,47
287,41
287,36
287,33
287,29
287,23
287,19
287,15
287,10
287,6
54,3
153,3
382,3
101,6
234,1070
234,976
234,1127
234,668
234,652
234,553
234,28
234,1249
234,16
0,300
0,299
0,298
0,297
0,296
0,295
0,294
0,293
0,292
0,291
0,290
0,289
0,288
0,287
0,286
0,285
0,284
0,283
0,282
0,281
0,280
0,279
0,278
0,277
0,276
0,275
0,274
0,273
0,272
0,271
0,270
0,269
0,268
0,267
0,266
0,265
0,264
0,263
0,262
0,261
0,258
0,256
0,255
0,254
0,253
0,252
0,251
0,250
0,249
0,248
0,247
0,246
0,245
0,244
0,242
0,241
0,240
0,239
0,238
0,237
0,236
0,235
0,234
0,233
0,232
0,231
0,230
0,229
0,228
0,227
0,226
0,225
0,224
0,223
0,222
0,221
0,220
0,219
0,218
0,217
0,216
0,215
0,214
0,213
0,212
0,211
0,210
0,209
0,208
0,207
0,206
0,205
0,204
0,203
0,202
0,201
0,200
0,199
0,198
0,197
0,196
0,195
0,194
0,193
0,192
0,63
0,62
0,61
0,60
0,59
0,58
0,57
0,56
0,55
0,54
0,53
0,52
0,51
0,50
0,49
0,48
0,47
0,46
0,45
0,6
0,260
0,259
0,257
82,3
213,21
2,9
213,13
461,3
295,3
2,8
0,372
0,362
0,359
2,25
2,13
2,30
2,7
2,17
2,14
0,354
2,16
34,3
34,4
2,26
0,369
0,363
0,339
0,360
0,321
2,21
2,11
0,350
0,366
0,370
0,322
0,334
0,304
0,323
0,305
0,335
0,302
0,303
0,349
0,12
0,365
0,11
0,368
0,10
0,364
0,8
2,15
213,32
213,27
213,24
213,18
435,3
2,3
1,3
361,3
217,4
217,3
215,4
215,3
213,40
213,39
213,38
213,37
213,36
213,35
213,34
213,30
213,11
213,10
213,9
213,8
213,7
213,6
213,5
213,4
213,2
213,1
213,0
209,6
209,5
209,4
209,3
195,4
195,3
183,5
183,3
95,8
95,7
95,6
95,5
95,4
95,3
93,5
93,4
93,3
93,2
93,0
92,13
92,12
92,11
92,10
92,9
92,8
92,7
92,6
92,3
92,2
92,0
90,5
90,4
90,3
84,3
83,286
83,285
83,284
83,283
83,282
83,281
83,280
83,279
83,278
83,277
83,276
83,275
83,274
83,273
83,272
83,271
83,270
83,269
83,268
83,267
83,266
83,265
83,264
83,263
83,262
83,261
83,260
83,259
83,258
83,257
83,256
83,255
83,254
83,253
83,252
83,251
83,250
83,249
83,248
83,247
83,246
83,245
83,244
83,243
83,242
83,241
83,240
83,239
83,238
83,237
83,236
83,235
83,234
83,233
83,232
83,231
83,230
83,229
83,228
83,227
83,226
83,225
83,224
83,223
83,222
83,221
83,220
83,219
83,218
83,217
83,216
83,215
83,214
83,213
83,212
83,211
83,210
83,209
83,208
83,207
83,206
83,205
83,204
83,203
83,202
83,201
83,198
83,193
83,192
83,191
83,184
83,183
83,171
83,97
83,96
83,95
83,94
83,74
83,73
83,64
83,34
83,31
83,28
83,27
83,10
83,3
83,2
83,0
82,320
82,303
82,302
82,301
82,300
82,299
82,298
82,297
82,296
82,295
82,294
82,293
82,292
82,291
82,290
82,289
82,288
82,287
82,286
82,285
82,284
82,283
82,282
82,281
82,280
82,279
82,278
82,277
82,276
82,275
82,274
82,273
82,272
82,271
82,270
82,269
82,268
82,267
82,266
82,265
82,264
82,263
82,262
82,261
82,260
82,259
82,258
82,257
82,256
82,255
82,254
82,253
82,252
82,251
82,250
82,249
82,248
82,247
82,246
82,245
82,244
82,243
82,242
82,241
82,240
82,239
82,238
82,237
82,236
82,235
82,234
82,233
82,232
82,231
82,230
82,229
82,228
82,227
82,226
82,225
82,224
82,223
82,222
82,221
82,220
82,219
82,218
82,217
82,216
82,215
82,214
82,213
82,212
82,211
82,210
82,209
82,208
82,207
82,206
82,205
82,204
82,203
82,202
82,201
82,200
82,199
82,198
82,197
82,196
82,195
82,168
82,167
82,165
82,163
82,162
82,161
82,160
82,159
82,155
82,154
82,153
82,152
82,151
82,149
82,147
82,145
82,144
82,143
82,130
82,129
82,128
82,126
82,125
82,124
82,123
82,122
82,121
228,3
228,4
228,6
276,3
277,1
277,2
277,9
277,169
289,5
289,7
356,4
357,3
357,4
365,3
365,4
368,4
368,5
368,7
82,86
82,99
82,100
82,106
82,110
82,112
82,131
82,132
82,134
82,136
82,137
82,139
82,140
82,142
82,146
82,150
82,157
82,158
82,166
82,169
82,171
82,173
82,174
82,176
82,177
82,179
82,180
82,182
82,184
82,185
82,187
82,188
82,190
82,192
82,193
83,4
83,5
83,7
83,9
83,11
83,13
83,14
83,16
83,17
83,19
83,21
83,22
83,24
83,25
83,29
83,32
83,33
83,65
83,66
83,68
83,69
83,71
83,75
83,76
83,78
83,79
83,81
83,83
83,84
83,86
83,87
83,89
83,90
83,92
83,98
83,99
83,101
83,102
83,104
83,106
83,107
83,109
83,110
83,112
83,113
83,115
83,117
83,118
83,120
83,121
83,123
83,125
83,126
83,128
83,129
83,131
83,133
83,134
83,136
83,137
83,139
83,140
83,142
83,144
83,145
83,147
83,148
83,150
101,3
101,4
123,3
123,4
168,3
183,2
213,3
213,14
213,17
213,19
213,20
213,23
213,25
213,26
213,28
213,29
213,33
220,3
234,0
234,2
234,3
234,6
234,12
234,17
234,22
234,24
234,29
234,31
234,33
234,41
234,43
234,48
234,52
234,58
234,63
234,74
234,128
234,130
234,133
234,135
234,138
234,141
234,143
234,146
234,147
234,151
234,152
234,155
234,158
234,160
234,163
234,165
234,168
234,171
234,173
234,176
234,178
234,181
234,182
234,185
234,189
234,190
234,193
234,195
234,198
234,200
234,201
234,204
234,206
234,209
234,212
234,214
234,217
234,219
234,222
234,223
234,226
234,228
234,230
234,233
234,235
234,238
234,241
234,242
234,246
234,247
234,250
234,252
234,255
234,258
234,260
234,263
234,265
234,268
234,271
234,272
234,276
234,277
234,280
234,282
234,285
234,288
234,290
234,293
234,295
234,298
234,301
234,303
234,306
234,307
234,311
234,312
234,315
234,318
234,319
234,341
234,343
234,365
234,369
234,371
234,384
234,386
234,389
234,392
234,394
234,397
234,398
234,401
234,403
234,406
234,409
234,410
234,413
234,414
234,416
234,419
234,420
234,422
234,424
234,427
234,428
234,430
234,432
234,433
234,436
234,438
234,441
234,444
234,446
234,449
234,451
234,453
234,454
234,456
234,458
234,459
234,462
234,463
234,466
234,469
234,470
234,472
234,473
234,475
234,477
234,478
234,481
234,482
234,484
234,485
234,489
234,492
234,493
234,495
234,496
234,498
234,500
234,501
234,503
234,505
234,508
234,509
234,512
234,514
234,515
234,517
234,519
234,521
234,524
234,525
234,528
234,530
234,533
234,535
234,538
234,540
234,541
234,543
234,544
234,547
234,550
234,552
234,554
234,555
234,558
234,560
234,563
234,566
234,568
234,571
234,573
234,600
234,641
234,643
234,646
234,648
234,651
234,653
234,654
234,657
234,659
234,662
234,664
234,667
234,670
234,672
234,674
234,675
234,677
234,679
234,681
234,684
234,686
234,689
234,691
234,694
234,697
234,698
234,702
234,703
234,707
234,710
234,711
234,714
234,716
234,719
234,721
234,724
234,727
234,729
234,732
234,733
234,737
234,740
234,741
234,745
234,746
234,749
234,752
234,754
234,757
234,759
234,762
234,764
234,767
234,770
234,772
234,775
234,777
234,780
234,783
234,785
234,788
234,789
234,792
234,793
234,796
234,799
234,801
234,804
234,805
234,808
234,812
234,813
234,816
234,818
234,821
234,823
234,826
234,829
234,831
234,833
234,835
234,838
234,841
234,843
234,846
234,848
234,851
234,852
234,856
234,859
234,860
234,863
234,865
234,898
234,901
234,903
234,906
234,907
234,910
234,914
234,915
234,918
234,920
234,922
234,923
234,926
234,930
234,931
234,933
234,934
234,937
234,941
234,942
234,944
234,945
234,947
234,948
234,950
234,953
234,954
234,956
234,958
234,960
234,963
234,964
234,966
234,968
234,971
234,972
234,975
234,977
234,979
234,981
234,982
234,984
234,987
234,988
234,991
234,993
234,996
234,998
234,999
234,1001
234,1002
234,1006
234,1007
234,1010
234,1014
234,1015
234,1018
234,1020
234,1023
234,1026
234,1028
234,1030
234,1031
234,1033
234,1034
234,1036
234,1038
234,1039
234,1041
234,1042
234,1044
234,1046
234,1047
234,1050
234,1052
234,1055
234,1056
234,1059
234,1063
234,1064
234,1067
234,1069
234,1071
234,1073
234,1074
234,1077
234,1079
234,1082
234,1084
234,1086
234,1088
234,1089
234,1092
234,1094
234,1097
234,1100
234,1102
234,1104
234,1105
234,1108
234,1111
234,1113
234,1116
234,1118
234,1121
234,1122
234,1125
234,1129
234,1130
234,1133
234,1134
234,1137
234,1140
234,1141
234,1144
234,1145
234,1148
234,1149
234,1153
234,1157
234,1158
234,1161
234,1163
234,1166
234,1170
234,1171
234,1173
234,1175
234,1216
234,1217
234,1221
234,1224
234,1225
234,1227
234,1228
234,1230
234,1232
234,1233
234,1236
234,1238
234,1241
234,1244
234,1245
234,1247
234,1248
234,1251
234,1252
234,1255
234,1305
234,1306
234,1309
234,1344
234,1536
238,3
239,3
244,3
244,5
250,3
251,3
255,3
259,3
261,3
267,3
269,3
276,4
277,10
277,12
277,15
277,16
277,22
277,23
277,27
277,34
277,35
277,40
277,45
277,50
277,64
277,66
277,70
277,72
277,75
277,77
277,79
277,82
277,84
277,87
277,88
277,92
277,95
277,96
277,99
277,101
277,104
277,107
277,109
277,112
277,114
277,117
277,119
277,122
277,125
277,126
277,129
277,130
277,132
277,134
277,135
277,137
277,138
277,140
277,141
277,143
277,145
277,146
277,148
277,149
277,151
277,153
277,155
277,157
277,158
277,160
277,161
277,163
277,165
277,166
277,168
277,185
277,187
277,192
277,193
277,196
277,198
277,201
277,204
277,206
277,208
277,209
277,212
277,214
277,217
277,220
277,222
277,225
277,226
277,229
277,233
277,234
277,237
277,239
277,242
277,244
277,247
277,250
277,252
277,255
277,256
277,260
277,263
277,264
277,268
277,269
279,1
279,3
279,9
279,13
279,16
281,1
281,3
281,5
281,8
281,17
281,25
281,31
281,39
281,43
281,44
281,48
281,54
281,61
281,66
281,73
281,78
281,80
281,85
281,86
281,192
281,196
281,197
286,4
286,21
287,1
287,3
287,5
287,7
287,8
287,11
287,13
287,17
287,20
287,21
287,24
287,25
287,30
287,32
287,34
287,37
287,39
287,44
287,46
287,49
287,53
287,57
287,60
287,64
287,66
287,67
287,69
287,71
287,72
287,74
287,75
287,77
287,79
287,80
287,82
287,83
287,85
287,87
287,88
291,3
291,4
297,3
301,4
315,3
319,3
321,3
327,4
329,4
336,3
338,3
340,3
343,3
347,3
350,3
350,5
350,14
350,27
350,34
350,39
350,47
350,51
350,57
350,59
350,66
353,3
355,3
359,3
360,1
360,4
360,26
362,3
364,1
364,4
364,7
364,11
364,16
364,18
364,21
364,25
364,29
364,35
364,36
364,40
364,41
364,43
364,47
364,49
364,53
375,3
378,3
380,3
381,3
382,4
383,3
384,3
384,4
384,7
384,12
384,14
384,19
384,24
384,27
384,31
384,34
384,38
384,41
384,47
384,48
384,58
384,65
384,66
384,69
384,70
384,73
384,76
384,77
384,81
384,82
384,85
384,89
384,90
384,93
384,95
384,98
384,100
384,103
384,106
384,108
384,111
384,112
384,116
384,119
384,120
384,123
384,125
384,127
384,130
384,191
384,256
384,258
384,261
384,263
384,266
384,269
384,271
384,274
384,275
384,279
384,280
384,283
386,3
389,3
393,4
394,3
396,6
396,9
396,10
400,3
401,3
401,6
402,3
402,6
402,9
402,11
402,14
402,15
402,18
402,22
402,23
413,5
413,7
413,10
413,13
413,15
413,18
413,20
413,23
413,24
413,28
413,31
413,32
413,35
413,37
413,40
413,43
413,45
413,48
413,50
413,53
413,55
413,58
413,61
413,62
413,66
413,67
413,70
413,74
413,75
413,78
413,80
413,83
413,85
413,88
413,91
413,93
413,96
413,97
413,100
413,104
413,105
413,108
413,110
413,113
413,116
413,118
413,121
413,123
413,126
413,127
413,131
413,134
413,135
413,139
413,140
413,143
413,146
413,148
413,151
413,153
413,156
413,158
413,161
413,164
413,165
413,169
413,170
413,173
413,177
413,178
413,181
413,183
413,186
413,188
413,191
413,194
413,196
413,199
413,200
413,204
413,207
413,208
413,211
413,213
413,216
413,218
413,221
413,224
413,226
413,256
413,257
413,261
413,264
413,265
413,269
413,270
413,273
413,276
413,278
413,281
413,283
413,286
413,288
413,291
413,294
413,296
413,299
413,307
413,310
417,5
418,3
419,3
419,4
419,6
419,9
419,11
420,5
420,6
420,9
420,11
422,3
423,3
423,4
425,3
426,3
428,3
429,3
431,3
434,3
435,1
435,4
435,5
435,7
435,9
435,10
435,12
435,14
438,3
441,1
441,3
441,5
441,6
441,11
441,15
441,20
441,24
441,28
441,32
441,33
441,38
441,42
441,45
441,52
441,53
441,58
441,65
441,68
441,71
441,73
441,76
441,78
441,81
441,84
441,85
441,89
441,90
441,93
441,95
441,98
441,101
441,103
441,106
441,108
441,111
441,114
441,116
441,118
441,119
441,122
441,124
441,127
441,129
441,130
441,173
441,195
441,199
441,201
441,203
441,206
441,207
441,211
441,214
441,215
441,218
441,220
441,258
441,260
443,3
452,3
453,3
457,3
465,3
474,3
477,3
477,4
207,3
0,371
307,3
471,3
446,3
323,3
318,3
455,3
62,4
342,5
473,3
289,3
325,3
229,3
227,3
393,3
286,3
224,3
414,3
388,3
345,3
265,3
253,3
420,7
371,3
329,3
394,4
234,13
234,14
234,15
234,1250
234,25
234,545
234,551
234,35
234,556
234,1096
234,1098
234,561
234,39
234,567
234,45
234,570
234,575
234,642
234,49
234,56
234,650
234,1109
234,1107
234,129
234,768
234,134
234,1112
234,1115
234,140
234,658
234,661
234,145
234,148
234,666
234,153
234,1345
234,159
234,161
234,167
234,169
234,671
234,1120
234,175
234,180
234,183
234,188
234,191
234,196
234,205
234,207
234,213
234,215
234,221
234,229
234,232
234,237
234,240
234,245
234,248
234,253
234,682
234,685
234,690
234,693
234,699
234,704
234,706
234,712
234,715
234,720
234,723
234,728
234,734
234,736
234,742
234,744
234,750
234,755
234,758
234,763
234,766
234,897
234,900
234,776
234,781
234,784
234,790
234,795
234,800
234,806
234,809
234,814
234,817
234,822
234,828
234,830
234,836
234,839
234,845
234,847
234,853
234,858
234,861
234,256
234,259
234,264
234,270
234,273
234,278
234,281
234,286
234,289
234,294
234,300
234,302
234,308
234,310
234,317
234,905
234,385
234,388
234,911
234,391
234,913
234,393
234,919
234,1123
234,927
234,929
234,1234
234,402
234,1126
234,407
234,935
234,412
234,1242
234,418
234,940
234,1131
234,1024
234,426
234,957
234,437
234,442
234,445
234,450
234,970
234,1136
234,973
234,1142
234,978
234,464
234,1147
234,989
234,480
234,994
234,486
234,1256
234,1003
234,1005
234,1011
234,1013
234,504
234,1019
234,1150
234,1154
234,1156
234,1162
234,1164
234,1169
234,1027
234,507
234,518
234,523
234,529
234,532
234,537
234,1220
234,1049
234,1054
234,1057
234,1223
234,1065
234,1068
234,1078
234,1081
350,32
350,49
350,67
384,11
384,16
384,25
384,32
384,35
384,45
384,49
384,64
384,72
384,75
384,80
384,83
384,88
384,91
384,96
384,102
384,105
384,110
384,113
384,118
384,124
384,128
384,257
384,259
384,265
384,268
384,273
384,278
384,281
281,72
281,84
281,193
281,195
277,113
277,118
277,124
277,127
277,197
277,200
277,265
277,205
277,211
277,216
277,219
277,221
277,224
277,230
277,235
277,238
277,243
277,246
277,251
277,254
441,41
441,51
441,64
441,69
441,72
441,77
441,80
441,86
441,91
441,94
441,99
441,102
441,107
441,113
441,115
441,123
441,126
441,259
213,22
213,16
213,15
417,6
441,256
441,121
441,110
441,105
441,96
441,88
441,83
441,75
441,67
441,48
441,37
441,34
441,29
441,27
441,21
441,17
441,7
364,51
364,48
364,32
364,28
364,23
364,20
364,17
364,13
364,8
364,5
277,248
277,240
277,232
277,227
277,270
277,213
277,267
277,202
277,194
277,121
277,116
277,110
277,108
277,105
277,102
277,100
277,97
277,94
277,91
277,89
277,86
